run:
Network :	4Hcala4h1.110xL.txt
Threshold=403.45821325648416	38	53	2.789473684210526	9.210526315789474	30.31578947368421	0.31666666666666665	5.083926031294452	-0.02535947712418352
Threshold=461.09510086455333	38	76	4.0	18.105263157894736	83.6842105263158	0.43809523809523804	3.822190611664296	0.25953565505804266
Threshold=518.7319884726224	39	87	4.461538461538462	22.71794871794872	117.53846153846153	0.42661782661782666	3.4615384615384617	0.20809972956929076
Threshold=576.3688760806916	39	107	5.487179487179487	33.48717948717949	207.02564102564102	0.5017094017094018	3.064777327935223	0.19582936381920135
Threshold=634.0057636887608	39	136	6.9743589743589745	53.94871794871795	427.28205128205127	0.6019647019647021	2.6774628879892037	0.32278851786760426
Threshold=691.64265129683	39	162	8.307692307692308	74.87179487179488	688.4615384615385	0.6039787847480155	2.4210526315789473	0.3058222907327027
Threshold=749.2795389048991	39	192	9.846153846153847	106.66666666666667	1179.8974358974358	0.6329267598498369	2.197031039136302	0.26913626913627064
cala4h1.210xL.txt
Threshold=403.45821325648416	34	51	3.0	10.647058823529411	38.11764705882353	0.30784313725490203	4.479500891265597	0.08985597996242962
Threshold=461.09510086455333	36	72	4.0	18.0	81.27777777777777	0.47592592592592603	3.5047619047619047	0.041666666666665776
Threshold=518.7319884726224	36	89	4.944444444444445	26.333333333333332	142.16666666666666	0.5054232804232806	3.1920634920634923	0.21255270615884328
Threshold=576.3688760806916	36	110	6.111111111111111	40.5	271.27777777777777	0.5825617283950617	2.7793650793650793	0.17548351275486712
Threshold=634.0057636887608	36	133	7.388888888888889	60.05555555555556	497.05555555555554	0.6097081930415262	2.4380952380952383	0.2607328311270381
Threshold=691.64265129683	36	156	8.666666666666666	82.55555555555556	801.4444444444445	0.6231885398552066	2.2365079365079366	0.2731103298521366
Threshold=749.2795389048991	36	179	9.944444444444445	106.83333333333333	1165.5555555555557	0.6487487820821154	2.0793650793650795	0.252265257855456
cala4h1.310xL.txt
Threshold=403.45821325648416	40	59	2.95	10.55	39.7	0.33249999999999996	4.194871794871795	0.4087552742616037
Threshold=461.09510086455333	40	86	4.3	22.8	130.7	0.4280357142857142	3.7897435897435896	0.5159672091031446
Threshold=518.7319884726224	40	110	5.5	36.7	258.5	0.5526370851370851	3.164102564102564	0.442474214617135
Threshold=576.3688760806916	40	131	6.55	50.3	411.7	0.5478643578643578	2.944871794871795	0.5441580082336799
Threshold=634.0057636887608	40	153	7.65	67.1	617.1	0.6089692252192254	2.575641025641026	0.4695695173800162
Threshold=691.64265129683	40	184	9.2	96.3	1050.9	0.6135393772893774	2.296153846153846	0.4543926116145973
Threshold=749.2795389048991	40	219	10.95	136.35	1762.6	0.6544342830372243	2.1205128205128205	0.4179230480231598
cala4h2.110xL.txt
Threshold=403.45821325648416	51	99	3.8823529411764706	17.058823529411764	76.82352941176471	0.3928104575163398	4.605490196078431	0.31209053007742443
Threshold=461.09510086455333	51	126	4.9411764705882355	26.784313725490197	147.45098039215685	0.511671335200747	3.7050980392156863	0.22134615970044952
Threshold=518.7319884726224	51	164	6.431372549019608	45.372549019607845	325.80392156862746	0.5750233426704014	3.1882352941176473	0.25022282340851815
Threshold=576.3688760806916	51	201	7.882352941176471	68.43137254901961	611.7647058823529	0.5872313960549257	2.8596078431372547	0.4079422057478987
Threshold=634.0057636887608	51	241	9.450980392156863	98.62745098039215	1058.8235294117646	0.6274597951068541	2.588235294117647	0.38635006259391647
Threshold=691.64265129683	51	279	10.941176470588236	132.7058823529412	1653.8039215686274	0.6516969029944809	2.4	0.3686147939541598
Threshold=749.2795389048991	51	316	12.392156862745098	169.68627450980392	2376.3529411764707	0.6587045957880053	2.2415686274509805	0.3229806077958769
cala4h2.210xL.txt
Threshold=403.45821325648416	48	81	3.375	12.5	46.25	0.39166666666666666	4.919326241134752	-0.013908205841445096
Threshold=461.09510086455333	48	113	4.708333333333333	23.875	122.125	0.47936507936507944	3.771276595744681	0.16258414889404343
Threshold=518.7319884726224	48	138	5.75	35.75	224.29166666666666	0.5525462962962963	3.375	0.1556393076493576
Threshold=576.3688760806916	48	166	6.916666666666667	50.875	377.625	0.5952876984126985	3.016843971631206	0.18899637746533518
Threshold=634.0057636887608	48	199	8.291666666666666	73.625	661.2083333333334	0.634565087690088	2.7056737588652484	0.2114323679808267
Threshold=691.64265129683	48	228	9.5	96.66666666666667	997.8333333333334	0.6397141053391054	2.477836879432624	0.2514652417487178
Threshold=749.2795389048991	48	268	11.166666666666666	134.625	1644.7083333333333	0.665029227988787	2.275709219858156	0.21457344056643565
cala4h2.310xL.txt
Threshold=403.45821325648416	41	49	2.3902439024390243	6.585365853658536	18.536585365853657	0.23577235772357721	5.1	0.23666866387058266
Threshold=461.09510086455333	41	77	3.7560975609756095	16.29268292682927	71.70731707317073	0.3739837398373984	4.240243902439024	0.16171813143309507
Threshold=518.7319884726224	41	100	4.878048780487805	25.902439024390244	137.65853658536585	0.5324622531939605	3.381707317073171	0.011147908018095103
Threshold=576.3688760806916	41	116	5.658536585365853	34.78048780487805	215.02439024390245	0.5587108013937281	3.126829268292683	0.08602994621311533
Threshold=634.0057636887608	41	139	6.780487804878049	49.707317073170735	369.609756097561	0.5730352303523036	2.8048780487804876	0.23530717399920467
Threshold=691.64265129683	41	161	7.853658536585366	66.4390243902439	572.7317073170732	0.5938285291943829	2.546341463414634	0.32734176980140556
Threshold=749.2795389048991	41	198	9.658536585365853	100.8780487804878	1074.0	0.6313621338011582	2.2439024390243905	0.2801072465926872
cala4h3.110xL.txt
Threshold=403.45821325648416	36	47	2.611111111111111	8.055555555555555	25.38888888888889	0.3009259259259259	5.695238095238095	0.18343434343434376
Threshold=461.09510086455333	36	65	3.611111111111111	14.833333333333334	63.166666666666664	0.37870370370370376	3.7936507936507935	0.39362022269033914
Threshold=518.7319884726224	36	79	4.388888888888889	21.055555555555557	103.0	0.4767195767195768	3.3142857142857145	0.2634032634032651
Threshold=576.3688760806916	36	98	5.444444444444445	31.833333333333332	188.77777777777777	0.5523809523809522	2.9460317460317462	0.2527983561347558
Threshold=634.0057636887608	36	116	6.444444444444445	44.27777777777778	304.94444444444446	0.6177910052910055	2.646031746031746	0.04818242534109433
Threshold=691.64265129683	36	138	7.666666666666667	63.888888888888886	540.9444444444445	0.623092031425365	2.422222222222222	0.2332995951416976
Threshold=749.2795389048991	36	157	8.722222222222221	82.33333333333333	786.3333333333334	0.6319196235862903	2.2746031746031745	0.16472866982268097
cala4h3.210xL.txt
Threshold=403.45821325648416	34	48	2.823529411764706	9.411764705882353	32.23529411764706	0.33039215686274526	3.5258467023172906	0.2543352601156078
Threshold=461.09510086455333	35	57	3.257142857142857	12.457142857142857	48.97142857142857	0.4371428571428573	4.3428571428571425	0.24929444967074274
Threshold=518.7319884726224	37	77	4.162162162162162	20.054054054054053	99.45945945945945	0.6145431145431146	3.599099099099099	0.2828431372549026
Threshold=576.3688760806916	37	97	5.243243243243243	31.08108108108108	192.27027027027026	0.541956241956242	3.105105105105105	0.5201314411584159
Threshold=634.0057636887608	37	117	6.324324324324325	46.86486486486486	365.94594594594594	0.5523907023907024	2.695195195195195	0.4523833518089289
Threshold=691.64265129683	37	140	7.5675675675675675	65.29729729729729	582.2162162162163	0.5960239460239459	2.466966966966967	0.37845991167506465
Threshold=749.2795389048991	37	161	8.702702702702704	84.8108108108108	855.2432432432432	0.6070930570930572	2.279279279279279	0.4180372311585038
cala4h3.310xL.txt
Threshold=403.45821325648416	36	54	3.0	11.833333333333334	50.05555555555556	0.3612433862433862	3.6222222222222222	0.34995206136145734
Threshold=461.09510086455333	39	73	3.7435897435897436	16.82051282051282	78.66666666666667	0.37179487179487175	4.17004048582996	0.35181185505159535
Threshold=518.7319884726224	39	95	4.871794871794871	27.743589743589745	164.0	0.4853479853479855	3.45748987854251	0.37650123481849973
Threshold=576.3688760806916	39	110	5.641025641025641	36.0	237.12820512820514	0.5130036630036632	3.099865047233468	0.40902985845645135
Threshold=634.0057636887608	39	142	7.282051282051282	58.92307692307692	486.15384615384613	0.6130813630813632	2.717948717948718	0.2954216977159705
Threshold=691.64265129683	39	166	8.512820512820513	79.38461538461539	754.7692307692307	0.6141519449211759	2.4534412955465585	0.28660855106307503
Threshold=749.2795389048991	39	194	9.948717948717949	109.02564102564102	1219.948717948718	0.6627613127613129	2.278002699055331	0.3148004841558033
cala4h4.110xL.txt
Threshold=403.45821325648416	49	88	3.5918367346938775	14.979591836734693	63.3469387755102	0.2965986394557824	4.4311224489795915	0.16958748988945577
Threshold=461.09510086455333	49	117	4.775510204081633	25.46938775510204	138.12244897959184	0.48765792031098154	3.75765306122449	0.22580645161290286
Threshold=518.7319884726224	49	153	6.244897959183674	42.53061224489796	292.9795918367347	0.5390832523485587	3.288265306122449	0.1975821146198111
Threshold=576.3688760806916	49	191	7.795918367346939	67.55102040816327	594.4897959183673	0.603617810760668	2.889455782312925	0.2328068175650004
Threshold=634.0057636887608	49	231	9.428571428571429	97.26530612244898	1018.734693877551	0.6164115929422054	2.5892857142857144	0.22923574007982614
Threshold=691.64265129683	49	266	10.857142857142858	129.51020408163265	1570.4489795918366	0.6369905604599484	2.352891156462585	0.24198041649427973
Threshold=749.2795389048991	49	313	12.775510204081632	179.0612244897959	2546.4489795918366	0.6701558503416091	2.1760204081632653	0.21345758470668294
cala4h4.210xL.txt
Threshold=403.45821325648416	50	90	3.6	14.8	61.76	0.3682857142857142	5.1787755102040816	0.14970930232557939
Threshold=461.09510086455333	50	131	5.24	30.08	177.0	0.4814444444444444	3.6179591836734692	0.3652413722003168
Threshold=518.7319884726224	50	166	6.64	47.92	349.72	0.5749870129870128	3.1061224489795918	0.17380906211621866
Threshold=576.3688760806916	50	196	7.84	67.88	604.0	0.5999292929292932	2.853061224489796	0.36119070575933226
Threshold=634.0057636887608	50	231	9.24	93.72	974.92	0.6203767343767346	2.5975510204081633	0.353595748214583
Threshold=691.64265129683	50	275	11.0	132.64	1634.4	0.6502443504208208	2.340408163265306	0.3059608223068987
Threshold=749.2795389048991	50	322	12.88	179.12	2527.32	0.6608690007962456	2.1485714285714286	0.24611233700765622
cala4h4.310xL.txt
Threshold=403.45821325648416	49	82	3.3469387755102042	12.857142857142858	49.95918367346939	0.3911564625850341	4.959183673469388	0.13673884435937197
Threshold=461.09510086455333	49	114	4.653061224489796	24.040816326530614	125.75510204081633	0.4559766763848397	3.7831632653061225	0.18932443703086
Threshold=518.7319884726224	49	136	5.551020408163265	34.08163265306123	212.28571428571428	0.5323615160349854	3.5	0.20405239046638882
Threshold=576.3688760806916	49	170	6.938775510204081	53.755102040816325	427.7142857142857	0.5884206496451396	3.061224489795918	0.3627841194518929
Threshold=634.0057636887608	49	204	8.326530612244898	76.40816326530613	720.4897959183673	0.6154173490908185	2.7636054421768708	0.36388286334056463
Threshold=691.64265129683	49	245	10.0	108.93877551020408	1208.0	0.6327667797055553	2.453231292517007	0.26445202438305604
Threshold=749.2795389048991	49	285	11.63265306122449	147.51020408163265	1904.5714285714287	0.6508211842845699	2.2653061224489797	0.2691058300564213
cala4h5.110xL.txt
Threshold=403.45821325648416	67	180	5.373134328358209	31.761194029850746	192.955223880597	0.5136105188343993	4.1388511985526915	0.38404380132968163
Threshold=461.09510086455333	67	229	6.835820895522388	50.417910447761194	380.74626865671644	0.5637171286425017	3.6711895070104026	0.4260795110091702
Threshold=518.7319884726224	67	289	8.626865671641792	81.01492537313433	782.0895522388059	0.5893213751422709	3.149706015377657	0.4092374623796899
Threshold=576.3688760806916	67	347	10.35820895522388	117.04477611940298	1356.7761194029852	0.6064057418535028	2.8322026232473996	0.4067799558029146
Threshold=634.0057636887608	67	411	12.26865671641791	165.40298507462686	2292.686567164179	0.633773149281906	2.5522388059701493	0.39953784997600655
Threshold=691.64265129683	67	493	14.716417910447761	238.4179104477612	3970.865671641791	0.6494544118292722	2.3364993215739482	0.38919471126386096
Threshold=749.2795389048991	67	570	17.01492537313433	316.6865671641791	6026.805970149254	0.6689536100500896	2.1736770691994574	0.32332429184558115
cala4h5.210xL.txt
Threshold=403.45821325648416	63	161	5.111111111111111	28.825396825396826	163.14285714285714	0.4920256991685563	4.205837173579109	0.058197572272801666
Threshold=461.09510086455333	63	202	6.412698412698413	44.06349206349206	306.8253968253968	0.5045225497606449	3.6594982078853047	0.2639358021658578
Threshold=518.7319884726224	63	254	8.063492063492063	69.55555555555556	606.6031746031746	0.564728921871779	3.1546338965693805	0.21659774120842637
Threshold=576.3688760806916	63	311	9.873015873015873	103.84126984126983	1105.8412698412699	0.5972515139181804	2.834101382488479	0.2793448380866606
Threshold=634.0057636887608	63	376	11.936507936507937	151.87301587301587	1956.888888888889	0.6316506866927035	2.554531490015361	0.26120706384630127
Threshold=691.64265129683	63	447	14.19047619047619	215.52380952380952	3317.2063492063494	0.6469243134214386	2.313364055299539	0.2470330372072196
Threshold=749.2795389048991	63	508	16.126984126984127	278.1904761904762	4857.428571428572	0.6704156947397724	2.160778289810548	0.2219652137342671
cala4h5.310xL.txt
Threshold=403.45821325648416	63	150	4.761904761904762	24.476190476190474	127.11111111111111	0.504988662131519	4.384024577572965	0.16686986913760643
Threshold=461.09510086455333	63	200	6.349206349206349	43.301587301587304	300.12698412698415	0.5513857394809776	3.699436763952893	0.2717750035873142
Threshold=518.7319884726224	63	238	7.555555555555555	61.36507936507937	509.55555555555554	0.5726138940424655	3.3742959549411164	0.36939443318363124
Threshold=576.3688760806916	63	292	9.26984126984127	91.96825396825396	925.3968253968254	0.6090295947438803	2.972862263184844	0.23510603254255472
Threshold=634.0057636887608	63	347	11.015873015873016	130.03174603174602	1557.2063492063492	0.6296810539807738	2.675883256528418	0.2501800720288132
Threshold=691.64265129683	63	408	12.952380952380953	178.12698412698413	2483.5873015873017	0.6413726399241659	2.445468509984639	0.27675517681811956
Threshold=749.2795389048991	63	468	14.857142857142858	236.31746031746033	3820.5396825396824	0.6645873348180588	2.2764976958525347	0.30080575688082184
cala4h6.110xL.txt
Threshold=403.45821325648416	54	121	4.481481481481482	22.25925925925926	113.33333333333333	0.43474426807760147	4.085953878406708	0.3764700993226104
Threshold=461.09510086455333	54	153	5.666666666666667	35.888888888888886	234.85185185185185	0.49695767195767204	3.585604472396925	0.4214876033057829
Threshold=518.7319884726224	54	194	7.185185185185185	56.888888888888886	462.037037037037	0.568479771257549	3.0992313067784765	0.3845628846955931
Threshold=576.3688760806916	54	247	9.148148148148149	93.11111111111111	978.8888888888889	0.5918293640515864	2.6464011180992313	0.41158127589522786
Threshold=634.0057636887608	54	293	10.851851851851851	131.88888888888889	1658.9259259259259	0.6163098944144698	2.440950384346611	0.4266509247721049
Threshold=691.64265129683	54	344	12.74074074074074	178.85185185185185	2578.222222222222	0.639406270353123	2.2529699510831587	0.38654061471891826
Threshold=749.2795389048991	54	393	14.555555555555555	233.03703703703704	3813.037037037037	0.6601559816300101	2.10272536687631	0.31294619804320334
cala4h6.210xL.txt
Threshold=403.45821325648416	58	135	4.655172413793103	24.03448275862069	126.34482758620689	0.44080459770114944	4.125226860254084	0.25511324243124595
Threshold=461.09510086455333	58	168	5.793103448275862	37.3448275862069	248.0	0.5129994526546251	3.584996975196612	0.4206000927610697
Threshold=518.7319884726224	58	210	7.241379310344827	57.96551724137931	476.2758620689655	0.5590150271184754	3.2244404113732608	0.41980806271374027
Threshold=576.3688760806916	58	267	9.206896551724139	93.48275862068965	971.2068965517242	0.6086133215443561	2.808227465214761	0.3492659708682191
Threshold=634.0057636887608	58	312	10.758620689655173	125.96551724137932	1505.344827586207	0.6214639766363905	2.58681185722928	0.33045847279520607
Threshold=691.64265129683	58	358	12.344827586206897	166.72413793103448	2308.2413793103447	0.6344332105861947	2.384150030248034	0.37080017411158
Threshold=749.2795389048991	58	423	14.586206896551724	233.41379310344828	3817.689655172414	0.6585079714178864	2.1802782819116757	0.32368435021575087
cala4h6.310xL.txt
Threshold=403.45821325648416	53	105	3.9622641509433962	17.58490566037736	79.09433962264151	0.3849056603773585	4.369375907111756	0.1764209002051393
Threshold=461.09510086455333	53	139	5.245283018867925	30.452830188679247	180.9433962264151	0.5438454627133872	3.732946298984035	0.3531890265076984
Threshold=518.7319884726224	53	165	6.226415094339623	42.79245283018868	302.6792452830189	0.5489368074273736	3.3795355587808418	0.42307041586302424
Threshold=576.3688760806916	53	207	7.811320754716981	68.18867924528301	614.9433962264151	0.5588526777206022	2.944121915820029	0.4426772995877447
Threshold=634.0057636887608	53	248	9.358490566037736	95.88679245283019	1014.9811320754717	0.6057177623215361	2.660377358490566	0.4762419271117601
Threshold=691.64265129683	53	302	11.39622641509434	144.0	1872.2641509433963	0.6431151380374469	2.392597968069666	0.37919622344384313
Threshold=749.2795389048991	53	345	13.018867924528301	186.64150943396226	2738.6792452830186	0.6584473232306051	2.20899854862119	0.3269943244969437
Network :	24Hcala24h1.110xL.txt
Threshold=403.45821325648416	76	257	6.7631578947368425	49.71052631578947	373.55263157894734	0.5416457811194653	3.8719298245614033	0.3942722461866835
Threshold=461.09510086455333	76	320	8.421052631578947	76.60526315789474	715.2894736842105	0.5807812801233853	3.4687719298245616	0.41991492935462266
Threshold=518.7319884726224	76	400	10.526315789473685	120.94736842105263	1428.9736842105262	0.6147677979914823	3.027017543859649	0.4165671491869322
Threshold=576.3688760806916	76	486	12.789473684210526	179.26315789473685	2587.9210526315787	0.6262445240834521	2.7021052631578946	0.4235895904800769
Threshold=634.0057636887608	76	582	15.31578947368421	253.42105263157896	4290.973684210527	0.6472859163595325	2.4596491228070176	0.375495706137696
Threshold=691.64265129683	76	682	17.94736842105263	347.63157894736844	6885.894736842105	0.6642190768038617	2.267719298245614	0.3706999441521935
Threshold=749.2795389048991	76	777	20.44736842105263	454.6578947368421	10336.026315789473	0.6813586702560924	2.1228070175438596	0.34257927646579694
cala24h1.210xL.txt
Threshold=403.45821325648416	84	279	6.642857142857143	47.785714285714285	350.8333333333333	0.5181405895691608	4.078026391279403	0.359989072317841
Threshold=461.09510086455333	84	369	8.785714285714286	83.26190476190476	804.547619047619	0.5825519057661911	3.5502008032128516	0.3483576202412481
Threshold=518.7319884726224	84	459	10.928571428571429	128.28571428571428	1536.452380952381	0.6044327268591974	3.153471026965003	0.3801507479327322
Threshold=576.3688760806916	84	560	13.333333333333334	191.45238095238096	2801.190476190476	0.6308542990459178	2.7816982214572574	0.3581791241731664
Threshold=634.0057636887608	84	664	15.80952380952381	268.5238095238095	4646.380952380952	0.6478942454930622	2.5547905909351694	0.33847534609810437
Threshold=691.64265129683	84	774	18.428571428571427	365.14285714285717	7369.809523809524	0.6644294630924887	2.3548479632816983	0.3350567290142545
Threshold=749.2795389048991	84	882	21.0	475.1666666666667	10932.190476190477	0.6850049745097183	2.2013769363166955	0.2857379042468813
cala24h1.310xL.txt
Threshold=403.45821325648416	90	319	7.088888888888889	54.53333333333333	430.6	0.541293089626423	4.138826466916354	0.42790653904065434
Threshold=461.09510086455333	90	418	9.28888888888889	94.15555555555555	987.2888888888889	0.5776598709932045	3.5106117353308366	0.5095048110772112
Threshold=518.7319884726224	90	514	11.422222222222222	141.33333333333334	1798.3777777777777	0.5957265610206786	3.098876404494382	0.47572428119415666
Threshold=576.3688760806916	90	640	14.222222222222221	221.44444444444446	3562.0444444444443	0.6220524619286228	2.7358302122347067	0.4914720055165523
Threshold=634.0057636887608	90	762	16.933333333333334	313.02222222222224	5954.8	0.642963147279991	2.507116104868914	0.4480423514252146
Threshold=691.64265129683	90	884	19.644444444444446	420.22222222222223	9244.355555555556	0.6554361530421833	2.331086142322097	0.441517855434354
Threshold=749.2795389048991	90	1016	22.57777777777778	556.4666666666667	14099.288888888888	0.6714742119115716	2.160299625468165	0.40481079876006937
cala24h2.110xL.txt
Threshold=403.45821325648416	64	168	5.25	30.3125	180.0625	0.48299851190476184	4.2311507936507935	0.37852476408509506
Threshold=461.09510086455333	64	219	6.84375	50.90625	384.5	0.5591495310245311	3.529265873015873	0.27450862051622565
Threshold=518.7319884726224	64	264	8.25	73.875	673.4375	0.5904356060606062	3.154265873015873	0.3236905037414162
Threshold=576.3688760806916	64	310	9.6875	102.125	1100.15625	0.6065000971250973	2.902281746031746	0.37032002104109196
Threshold=634.0057636887608	64	389	12.15625	160.53125	2170.53125	0.6369652421183477	2.5520833333333335	0.38336591922957525
Threshold=691.64265129683	64	455	14.21875	219.09375	3438.09375	0.661423050579881	2.3368055555555554	0.30184868655088726
Threshold=749.2795389048991	64	522	16.3125	286.125	5102.5625	0.6772401290678481	2.183531746031746	0.30497276539049206
cala24h2.210xL.txt
Threshold=403.45821325648416	59	140	4.745762711864407	24.983050847457626	135.15254237288136	0.42865213882163017	4.137931034482759	0.3867717915024092
Threshold=461.09510086455333	59	181	6.135593220338983	41.186440677966104	283.8305084745763	0.5308606647589698	3.5686732904734075	0.3339084318508267
Threshold=518.7319884726224	59	238	8.067796610169491	71.32203389830508	643.5254237288135	0.5708866463103751	3.043834015195792	0.2886858500461282
Threshold=576.3688760806916	59	293	9.932203389830509	107.59322033898304	1190.0338983050847	0.6043152704169651	2.6779661016949152	0.3297762842981669
Threshold=634.0057636887608	59	353	11.966101694915254	156.27118644067798	2086.135593220339	0.6242672194317261	2.436586791350088	0.33690390513888313
Threshold=691.64265129683	59	406	13.76271186440678	204.94915254237287	3115.898305084746	0.6407744573326776	2.267095265926359	0.31999956496677523
Threshold=749.2795389048991	59	479	16.23728813559322	285.4237288135593	5109.389830508475	0.6646172486524998	2.0946814728229106	0.2908988811246331
cala24h2.310xL.txt
Threshold=403.45821325648416	62	143	4.612903225806452	24.0	130.06451612903226	0.4001152073732718	4.281861448968799	0.45370406837068344
Threshold=461.09510086455333	62	183	5.903225806451613	38.54838709677419	258.7741935483871	0.5284946236559138	3.7905869910100476	0.4096532372037767
Threshold=518.7319884726224	62	229	7.387096774193548	60.83870967741935	516.5483870967741	0.5617674440255085	3.255949233209942	0.3916493064829165
Threshold=576.3688760806916	62	287	9.258064516129032	95.0	1013.4516129032259	0.5836442231603521	2.89053410893707	0.4912613253966218
Threshold=634.0057636887608	62	338	10.903225806451612	131.6451612903226	1641.4193548387098	0.6123841449505584	2.6388154415653093	0.41507817928189883
Threshold=691.64265129683	62	414	13.35483870967742	194.03225806451613	2894.1935483870966	0.6295873191746059	2.379693283976732	0.40686652559275677
Threshold=749.2795389048991	62	469	15.129032258064516	250.3548387096774	4245.354838709677	0.6484849264997575	2.2199894235854045	0.3695600253269222
cala24h3.110xL.txt
Threshold=403.45821325648416	77	246	6.3896103896103895	43.58441558441559	300.93506493506493	0.5327561327561328	4.056390977443609	0.2584805494736173
Threshold=461.09510086455333	77	312	8.103896103896103	69.84415584415585	614.1298701298701	0.5678182567792956	3.5539986329460014	0.3896619271617627
Threshold=518.7319884726224	77	391	10.155844155844155	110.54545454545455	1232.077922077922	0.6048145937756327	3.0762132604237866	0.42519060312379237
Threshold=576.3688760806916	77	470	12.207792207792208	159.71428571428572	2139.2987012987014	0.6207254068578503	2.7464114832535884	0.4146886941351412
Threshold=634.0057636887608	77	559	14.519480519480519	226.3896103896104	3612.5974025974024	0.6356297781712922	2.517088174982912	0.3963160617135264
Threshold=691.64265129683	77	649	16.857142857142858	306.0	5675.480519480519	0.654751117443558	2.3113465481886535	0.3529585033899863
Threshold=749.2795389048991	77	762	19.792207792207794	423.1948051948052	9257.35064935065	0.6692221261918375	2.1336295283663707	0.36038209511153046
cala24h3.210xL.txt
Threshold=403.45821325648416	71	196	5.52112676056338	33.098591549295776	199.29577464788733	0.498435054773083	4.275251509054326	0.07012501298611569
Threshold=461.09510086455333	71	247	6.957746478873239	51.83098591549296	389.38028169014086	0.5640062597809077	3.7348088531187122	0.17250691687717948
Threshold=518.7319884726224	71	315	8.873239436619718	84.25352112676056	810.9295774647887	0.5935030540664343	3.216498993963783	0.277208105237356
Threshold=576.3688760806916	71	391	11.014084507042254	128.61971830985917	1522.4788732394366	0.6125896013219955	2.828169014084507	0.29504237683745166
Threshold=634.0057636887608	71	457	12.873239436619718	176.95774647887325	2472.845070422535	0.6383997444630595	2.600804828973843	0.3242135810784019
Threshold=691.64265129683	71	531	14.95774647887324	238.81690140845072	3868.112676056338	0.6602523071050955	2.400804828973843	0.28481938289051484
Threshold=749.2795389048991	71	602	16.95774647887324	307.6619718309859	5668.056338028169	0.6707841359252654	2.2482897384305836	0.28412995317122525
cala24h3.310xL.txt
Threshold=403.45821325648416	68	184	5.411764705882353	31.558823529411764	187.2941176470588	0.47685574229691846	4.175153643546971	0.3113667262423078
Threshold=461.09510086455333	68	232	6.823529411764706	50.5	379.79411764705884	0.5501389949919362	3.6747146619841966	0.27810506074644
Threshold=518.7319884726224	68	288	8.470588235294118	77.32352941176471	716.6764705882352	0.5852933014697722	3.2085162423178226	0.29336590034604815
Threshold=576.3688760806916	68	357	10.5	120.23529411764706	1408.5588235294117	0.6052867427651164	2.830553116769096	0.3790809615954053
Threshold=634.0057636887608	68	428	12.588235294117647	170.85294117647058	2360.794117647059	0.6323397457628472	2.5750658472344163	0.32463757468508947
Threshold=691.64265129683	68	503	14.794117647058824	235.0	3802.205882352941	0.6513636942793745	2.36215978928885	0.33819528739430077
Threshold=749.2795389048991	68	581	17.08823529411765	315.61764705882354	5927.0	0.6708741540640477	2.188762071992976	0.2898150944945112
cala24h4.110xL.txt
Threshold=403.45821325648416	80	256	6.4	44.35	313.325	0.5167063492063491	4.165506329113924	0.3526883203457233
Threshold=461.09510086455333	80	328	8.2	72.375	650.125	0.5683549783549783	3.525	0.3363494603335542
Threshold=518.7319884726224	80	409	10.225	111.95	1246.0	0.5981421356421356	3.124367088607595	0.3246490047190422
Threshold=576.3688760806916	80	498	12.45	165.15	2226.75	0.6154095577624992	2.8240506329113924	0.33050643719897344
Threshold=634.0057636887608	80	604	15.1	242.85	3967.225	0.635027937318959	2.5212025316455695	0.3196396129813601
Threshold=691.64265129683	80	687	17.175	318.175	6010.325	0.6553436530761457	2.357278481012658	0.32785897382221635
Threshold=749.2795389048991	80	789	19.725	417.2	8958.975	0.6729688445367198	2.1908227848101265	0.2724261519202019
cala24h4.210xL.txt
Threshold=403.45821325648416	84	277	6.595238095238095	47.19047619047619	345.07142857142856	0.517231842231842	4.12736660929432	0.37314588850234515
Threshold=461.09510086455333	84	355	8.452380952380953	76.73809523809524	710.7380952380952	0.5701295397723968	3.631956397016638	0.3880739760456397
Threshold=518.7319884726224	84	450	10.714285714285714	123.83333333333333	1457.7142857142858	0.5954383112996557	3.123350545037292	0.34491269982954303
Threshold=576.3688760806916	84	553	13.166666666666666	187.8095238095238	2738.0	0.622846437065809	2.793746414228342	0.39624305939961607
Threshold=634.0057636887608	84	656	15.619047619047619	263.6190476190476	4535.880952380952	0.641635021693624	2.5430292598967297	0.3450949594354787
Threshold=691.64265129683	84	761	18.11904761904762	354.73809523809524	7073.9047619047615	0.6570118629482269	2.346815834767642	0.31165215866403934
Threshold=749.2795389048991	84	891	21.214285714285715	487.42857142857144	11404.714285714286	0.676912234789197	2.1761331038439473	0.2887298033937731
cala24h4.310xL.txt
Threshold=403.45821325648416	81	256	6.320987654320987	43.06172839506173	297.6296296296296	0.5193023711542232	4.253395061728395	0.26697530864197533
Threshold=461.09510086455333	81	332	8.197530864197532	71.65432098765432	636.2962962962963	0.5730559563892895	3.6222222222222222	0.32408723826103425
Threshold=518.7319884726224	81	416	10.271604938271604	112.64197530864197	1258.2222222222222	0.5959097950383354	3.1626543209876545	0.33843767832823796
Threshold=576.3688760806916	81	523	12.91358024691358	179.3827160493827	2554.5185185185187	0.6202983507593071	2.779938271604938	0.4185000138627411
Threshold=634.0057636887608	81	606	14.962962962962964	239.97530864197532	3924.320987654321	0.6403465397791935	2.5848765432098766	0.3539979286440937
Threshold=691.64265129683	81	715	17.65432098765432	333.9259259259259	6430.765432098766	0.6585874787511519	2.3521604938271605	0.3334671762741679
Threshold=749.2795389048991	81	815	20.123456790123456	433.9753086419753	9516.74074074074	0.6754165368521778	2.18641975308642	0.28180327029715907
cala24h5.110xL.txt
Threshold=403.45821325648416	59	114	3.864406779661017	16.508474576271187	70.84745762711864	0.4506053268765133	5.068381063705435	0.05850807100337868
Threshold=461.09510086455333	59	156	5.288135593220339	29.93220338983051	170.98305084745763	0.4959241323648101	3.9988310929281123	0.19911197446927065
Threshold=518.7319884726224	59	199	6.745762711864407	48.57627118644068	354.47457627118644	0.5653569594247561	3.5248392752776154	0.25455725544738184
Threshold=576.3688760806916	59	243	8.23728813559322	72.23728813559322	640.0677966101695	0.5831610950255022	3.0578609000584454	0.2055881263212951
Threshold=634.0057636887608	59	294	9.966101694915254	107.42372881355932	1176.677966101695	0.613264607332404	2.748684979544126	0.2581468341260664
Threshold=691.64265129683	59	337	11.423728813559322	140.74576271186442	1757.4237288135594	0.6407770998249562	2.539450613676213	0.2319308771632089
Threshold=749.2795389048991	59	391	13.254237288135593	187.38983050847457	2682.64406779661	0.6517526745408889	2.340736411455289	0.23758485637264462
cala24h5.210xL.txt
Threshold=403.45821325648416	58	127	4.379310344827586	21.06896551724138	102.51724137931035	0.509975369458128	4.623714458560194	0.1439555600718064
Threshold=461.09510086455333	58	171	5.896551724137931	37.58620689655172	242.89655172413794	0.5475232621784345	3.733212341197822	0.19883536518928227
Threshold=518.7319884726224	58	221	7.620689655172414	62.689655172413794	524.8965517241379	0.578639846743295	3.2111312764670297	0.3080646257258861
Threshold=576.3688760806916	58	261	9.0	87.41379310344827	866.9655172413793	0.5950633657530211	2.9201451905626135	0.36536832167324246
Threshold=634.0057636887608	58	305	10.517241379310345	119.34482758620689	1382.1379310344828	0.6391428072716108	2.7271627344222624	0.33741396586559946
Threshold=691.64265129683	58	352	12.137931034482758	158.6206896551724	2109.0689655172414	0.6523691881704052	2.4531155474894133	0.30298973672467466
Threshold=749.2795389048991	58	409	14.10344827586207	214.48275862068965	3324.2758620689656	0.6743013563900722	2.2577132486388383	0.3105144783752751
cala24h5.310xL.txt
Threshold=403.45821325648416	56	121	4.321428571428571	21.071428571428573	104.28571428571429	0.46318027210884344	4.412987012987013	0.16270806059472478
Threshold=461.09510086455333	56	165	5.892857142857143	37.42857142857143	241.5	0.5177012471655329	3.6506493506493505	0.30036541643684556
Threshold=518.7319884726224	56	197	7.035714285714286	53.607142857142854	414.67857142857144	0.5544642857142856	3.227922077922078	0.26614933048334016
Threshold=576.3688760806916	56	239	8.535714285714286	78.89285714285714	743.1785714285714	0.6006697667411954	2.914285714285714	0.3202196104171393
Threshold=634.0057636887608	56	285	10.178571428571429	112.03571428571429	1253.6785714285713	0.6278262412190986	2.644805194805195	0.27675498996761794
Threshold=691.64265129683	56	344	12.285714285714286	164.57142857142858	2250.964285714286	0.6515242902460949	2.3844155844155845	0.3207192438424649
Threshold=749.2795389048991	56	391	13.964285714285714	212.32142857142858	3296.5	0.6680627945264721	2.225974025974026	0.3056212843460188
cala24h6.110xL.txt
Threshold=403.45821325648416	62	157	5.064516129032258	29.032258064516128	170.41935483870967	0.45252176139272915	4.091485986250661	0.29767905017234597
Threshold=461.09510086455333	62	215	6.935483870967742	52.74193548387097	409.2258064516129	0.525768049155146	3.4410364886303544	0.3310557301040156
Threshold=518.7319884726224	62	260	8.387096774193548	76.64516129032258	714.5483870967741	0.5896920284017059	3.086197778952935	0.327361994227958
Threshold=576.3688760806916	62	307	9.903225806451612	106.6774193548387	1173.032258064516	0.6151482925676476	2.802221047065045	0.35286918810259427
Threshold=634.0057636887608	62	379	12.225806451612904	163.0	2217.935483870968	0.641594433313948	2.484928609201481	0.3258338524089767
Threshold=691.64265129683	62	430	13.870967741935484	209.7741935483871	3236.8064516129034	0.6597730692357676	2.3120042305658384	0.33238534517272
Threshold=749.2795389048991	62	499	16.096774193548388	283.7096774193548	5098.419354838709	0.6677412295287752	2.139608672659968	0.2980904143438364
cala24h6.210xL.txt
Threshold=403.45821325648416	61	151	4.950819672131147	26.721311475409838	146.13114754098362	0.4921935987509758	4.160655737704918	0.1918430652947975
Threshold=461.09510086455333	62	197	6.354838709677419	44.0	308.38709677419354	0.5420658194851743	3.5785298783712323	0.18423537958590744
Threshold=518.7319884726224	62	251	8.096774193548388	70.3225806451613	620.8064516129032	0.5808804099126682	3.11158117398202	0.30380303277859577
Threshold=576.3688760806916	62	312	10.064516129032258	110.51612903225806	1241.1935483870968	0.625528145689436	2.745637228979376	0.3290793341309597
Threshold=634.0057636887608	62	367	11.838709677419354	151.3548387096774	1978.9032258064517	0.6350989485951534	2.5362242199894234	0.38320558994718545
Threshold=691.64265129683	62	418	13.483870967741936	197.51612903225808	2961.6451612903224	0.6441053522972029	2.3479640401903756	0.3828703705704647
Threshold=749.2795389048991	62	492	15.870967741935484	274.48387096774195	4842.709677419355	0.6721131332023584	2.1591750396615548	0.29332688169663246
cala24h6.310xL.txt
Threshold=403.45821325648416	68	170	5.0	26.970588235294116	147.88235294117646	0.4762254901960784	4.411764705882353	0.2779146881448996
Threshold=461.09510086455333	68	226	6.647058823529412	47.411764705882355	343.9117647058824	0.5309873949579832	3.696663740122915	0.31760924708866467
Threshold=518.7319884726224	68	284	8.352941176470589	75.17647058823529	692.5294117647059	0.5764705882352942	3.270851624231782	0.40267459138187295
Threshold=576.3688760806916	68	331	9.735294117647058	103.20588235294117	1120.1470588235295	0.6079995168230461	2.942932396839333	0.3705426121348688
Threshold=634.0057636887608	68	405	11.911764705882353	153.44117647058823	2018.6764705882354	0.6232247639903349	2.6453028972783144	0.34948813603435724
Threshold=691.64265129683	68	479	14.088235294117647	215.3235294117647	3365.264705882353	0.6386482958703412	2.3994732221246706	0.3567238941842402
Threshold=749.2795389048991	68	552	16.235294117647058	286.1764705882353	5145.058823529412	0.6583998920417508	2.245390693590869	0.3117279653159728


Classical:	76.28(\pm 3.03)


BUILD SUCCESSFUL (total time: 1 minute 14 seconds)
